env: default
sdk: 1.0.0-rc3-004530
fx:
  - 1.1.0
  - 1.0.3
tools:
  watch: stable
